1 0 0 0
0 1 0 0
0 0 1 0
0 0 0 1
#
  0.964787  -0.103422  -0.241847    152.075
  0.117908   0.991951  0.0461724   -49.6842
  0.235125 -0.0730622   0.969215    33.4353
         0          0          0          1
#
  0.920716  -0.160699   -0.35561    221.322
  0.185286   0.982027  0.0359532   -54.1217
  0.343441 -0.0989925   0.933942    59.4977
         0          0          0          1
#
 0.890332 -0.198387 -0.409819   252.701
 0.224434   0.97436 0.0159116  -48.6626
 0.396154 -0.106144  0.912028   75.4709
        0         0         0         1
#
   0.865444   -0.225175   -0.447553     273.736
   0.252135    0.967692 0.000691002    -44.2193
   0.432938   -0.113442    0.894257     88.2635
          0           0           0           1
#
 0.842912 -0.244239 -0.479424   291.376
 0.272125  0.962191 -0.011737  -40.2432
 0.464163  -0.12057  0.877506   100.045
        0         0         0         1
#
  0.822933  -0.257871  -0.506246    306.296
  0.287919   0.957453 -0.0196769   -38.1452
  0.489781  -0.129565   0.862165    110.599
         0          0          0          1
#
  0.806542  -0.267255  -0.527321    318.055
  0.300717   0.953431 -0.0232637   -38.1007
   0.50898  -0.139811   0.849349    119.262
         0          0          0          1
#
    0.7939  -0.273388  -0.543123    326.894
  0.310267   0.950326 -0.0248292   -38.8741
  0.522932  -0.148801   0.839286    125.975
         0          0          0          1
#
  0.784229   -0.27734  -0.555039    333.531
  0.317066   0.948055 -0.0257281   -39.7881
  0.533342  -0.155807   0.831427    131.193
         0          0          0          1
#
  0.776083  -0.280595  -0.564768    338.844
  0.322551   0.946172 -0.0268494   -40.3267
  0.541901  -0.161329   0.824814    135.562
         0          0          0          1
#
  0.768979   -0.28366  -0.572897    343.037
  0.326778   0.944654 -0.0291054   -40.1161
  0.549444  -0.164828   0.819112    139.404
         0          0          0          1
#
  0.761003  -0.288496  -0.581074    346.914
  0.330897   0.943025 -0.0348378   -37.9657
  0.558016  -0.165763   0.813106    143.453
         0          0          0          1
#
  0.753716   -0.29075  -0.589389    351.038
  0.334231   0.941759 -0.0371565   -37.6253
  0.565865  -0.168986   0.806995    147.397
         0          0          0          1
#
 0.747224 -0.293566 -0.596219   354.458
 0.339989  0.939718 -0.036598  -38.9497
 0.571021  -0.17536  0.801988   150.586
        0         0         0         1
#
  0.742532  -0.295572   -0.60107    356.862
  0.344377   0.938146 -0.0358987   -40.0988
  0.574501  -0.180338    0.79839    152.873
         0          0          0          1
#
  0.739339  -0.296756  -0.604413      358.5
  0.347354   0.937075 -0.0351907   -41.0609
  0.576822  -0.183926   0.795895    154.468
         0          0          0          1
#
  0.737175  -0.297607  -0.606634    359.563
  0.349603   0.936264 -0.0344837   -41.8603
  0.578232   -0.18666   0.794233    155.529
         0          0          0          1
#
  0.735614  -0.298306  -0.608183    360.272
  0.351312   0.935642 -0.0339975   -42.4225
  0.579182  -0.188652   0.793069    156.274
         0          0          0          1
#
 0.734911 -0.298592 -0.608894   360.618
 0.352273  0.935299 -0.033475  -42.8859
 0.579492 -0.189895  0.792546   156.609
        0         0         0         1
#
  0.734324  -0.298853  -0.609472    360.845
  0.352921   0.935062 -0.0332866   -43.1652
  0.579841  -0.190651   0.792109    156.924
         0          0          0          1
#
  0.732954  -0.299318  -0.610892    361.502
  0.354278   0.934565 -0.0328403    -43.671
  0.580746  -0.192354   0.791034    157.655
         0          0          0          1
#
  0.732869  -0.299348   -0.61098    361.551
  0.354419   0.934515 -0.0327355    -43.743
  0.580768  -0.192551    0.79097    157.693
         0          0          0          1
#
  0.732869  -0.299348   -0.61098    361.551
  0.354419   0.934515 -0.0327354   -43.7431
  0.580768  -0.192551    0.79097    157.693
         0          0          0          1
#
  0.732869  -0.299348   -0.61098    361.551
  0.354419   0.934515 -0.0327353   -43.7432
  0.580768  -0.192551    0.79097    157.693
         0          0          0          1
#
  0.732869  -0.299348   -0.61098    361.551
  0.354419   0.934515 -0.0327353   -43.7431
  0.580768  -0.192551    0.79097    157.693
         0          0          0          1
#
